78.4024
78.2269
77.6144
77.3304
77.1651
76.9795
76.7706
76.3609
76.149
75.9441
75.7687
75.4188
75.1612
75.005
74.7211
74.3803
74.138
73.9716
73.8246
73.4595
73.1563
72.993
72.776
72.5721
72.2385
72.0884
71.8977
71.6087
71.4434
71.0804
70.9343
70.7629
70.5763
70.5956
70.3918
70.0551
69.9425
69.6596
69.4882
69.3219
69.0217
68.8706
68.683
68.7448
68.5491
68.4183
68.2935
67.9487
67.8047
67.8879
67.7388
67.5745
67.4153
67.3281
67.1638
67.2226
66.9407
66.8088
66.6953
66.5614
66.5878
66.5218
66.4022
66.2845
66.173
66.2561
66.174
66.0269
65.961
65.9124
65.7856
65.7288
65.6274
65.742
65.6537
65.5716
65.5544
65.6903
65.6213
65.5473
65.4915
65.6071
65.5381
65.4793
65.6608
65.5726
65.6132
65.5939
65.7369
65.6497
65.7683
65.959
65.9458
65.958
65.958
66.1142
66.0979
66.1304
66.2754
66.3535
66.3231
66.5411
66.5523
66.679
66.9123
67.0056
67.0036
67.0086
67.2175
67.2459
67.3544
67.6049
67.7794
67.8331
68.0532
68.1688
68.2104
68.2672
68.5156
68.8351
68.8827
