91.3508
91.0151
90.1967
89.8306
88.9615
88.565
87.9392
87.1847
86.7223
85.9313
85.4729
84.9232
84.2245
83.612
83.1566
82.4062
81.9397
81.3322
80.8768
80.1031
79.5919
79.0616
78.6508
77.7797
77.3771
76.7149
76.3264
75.4959
75.0578
74.4321
73.8347
73.4778
72.8703
72.421
71.632
71.1889
70.6524
70.1646
69.6606
69.1667
68.7864
68.2012
67.7844
67.2206
66.8606
66.2328
65.8566
65.3394
64.9134
64.3526
63.9956
63.4977
63.015
62.7077
62.1804
62.0252
61.4634
61.0709
60.7525
60.2677
59.8773
59.3945
59.2029
58.8936
58.421
58.0214
57.7435
57.4403
57.1716
56.8481
56.5783
56.3035
56.0002
55.6291
55.4333
55.1038
54.8888
54.62
54.3503
54.1069
54.0176
53.6039
53.5501
53.2885
53.038
53.0339
52.6343
52.6262
52.3818
52.3149
52.1283
51.9184
51.893
51.5878
51.6091
51.4397
51.4285
51.2572
51.2774
51.0979
51.1476
50.955
51.03
51.0706
50.9225
51.0036
50.8343
50.9823
50.8698
50.8941
50.9915
50.9509
51.0381
50.9093
51.0401
51.0026
51.1497
51.2004
51.1801
51.3393
51.606
