98.4223
97.7165
96.7338
96.3007
95.3485
94.3516
93.8557
92.8994
92.1996
91.4431
90.6784
89.7109
89.2373
88.2719
87.4727
86.7476
86.0083
85.0044
84.5105
83.7479
82.8422
82.2703
81.25
80.5899
79.9854
79.0007
78.3304
77.6965
76.8295
76.0618
75.5111
74.8022
73.8611
73.3317
72.5975
71.8896
71.13
70.4374
69.7255
69.2073
68.4456
67.825
67.2358
66.4032
65.8383
65.1609
64.4845
63.9906
63.2665
62.6631
62.1246
61.4786
60.9644
60.3549
59.8651
59.2333
58.7952
58.3287
57.6796
57.1918
56.632
56.1676
55.5642
55.3167
54.7661
54.2985
53.7387
53.4953
52.9497
52.5309
52.0076
51.7521
51.3758
50.8373
50.6375
50.1467
49.7522
49.4429
49.0829
48.8953
48.4561
48.1326
47.9014
47.4491
47.295
47.0222
46.7575
46.4431
46.3062
46.0141
45.7616
45.5436
45.3985
45.1399
45.0365
44.8834
44.6917
44.5882
44.3509
44.2769
44.2252
43.922
43.8601
43.856
43.6684
43.641
43.6268
43.4524
43.4869
43.4798
43.5214
43.3662
43.42
43.4666
43.491
43.4169
43.4413
43.5153
43.5701
43.5143
43.6268
