84.8745
84.4425
83.9476
83.3878
83.0816
82.7084
82.0806
81.7855
81.2298
80.957
80.6548
79.9601
79.6061
79.3323
78.8192
78.5251
77.8203
77.4755
77.1783
76.7382
76.3356
76.0547
75.6297
75.3123
74.9564
74.3114
73.9858
73.4595
73.1887
72.852
72.4119
72.1026
71.7791
71.3461
71.057
70.6899
70.2366
69.979
69.6707
69.1991
68.8797
68.6089
68.1921
67.9193
67.5958
67.1334
66.9214
66.8078
66.5604
66.0422
65.8251
65.5787
65.1406
64.9307
64.6487
64.6051
64.1082
63.9236
63.6336
63.4156
63.0758
62.9967
62.7696
62.5515
62.3345
61.9643
61.9583
61.6875
61.5333
61.2271
61.0891
60.8681
60.6855
60.7109
60.505
60.3367
59.9939
60.0243
59.8276
59.6623
59.6755
59.5659
59.3885
59.4544
59.3083
59.0254
59.0609
58.9331
58.785
58.8256
58.7059
58.7191
58.638
58.5964
58.6725
58.566
58.4423
58.5488
58.5021
58.5183
58.5538
58.6076
58.5427
58.5021
58.5701
58.5477
58.6806
58.6583
58.7729
58.7354
58.8388
59.0862
59.0132
59.1522
59.1643
59.3509
59.3672
59.5548
59.5345
59.7393
59.9584
