105.677
104.593
103.749
102.667
101.921
100.864
99.8715
98.8138
97.9548
96.89
95.89
94.9327
94.0474
92.9724
92.0678
91.0415
89.9543
89.2089
88.1411
87.277
86.199
85.336
84.2062
83.5308
82.393
81.6283
80.4874
79.6416
78.5362
77.9024
77.009
75.9664
75.1247
74.2982
73.1979
72.4667
71.7101
70.623
69.7437
69.0065
68.3229
67.2561
66.5229
65.6821
64.9104
64.2137
63.4308
62.6529
61.87
61.0567
60.2535
59.572
58.7729
58.1482
57.4241
56.6493
56.1179
55.4851
54.7985
54.1647
53.5755
52.8919
52.1709
51.6506
51.1628
50.4783
49.9439
49.2766
48.9602
48.3233
47.6895
47.369
46.7737
46.3123
45.866
45.4056
44.8316
44.5598
44.0173
43.709
43.1837
42.9413
42.4221
42.1807
41.6878
41.4668
41.1067
40.7356
40.3918
40.0946
39.8918
39.5663
39.2854
39.117
38.8128
38.6607
38.4284
38.1475
38.0177
37.9112
37.6749
37.4204
37.323
37.2257
37.1699
36.9316
36.7419
36.6963
36.6172
36.6537
36.6152
36.5766
36.4346
36.4174
36.388
36.3657
36.4002
36.4062
36.4499
36.5168
36.535
