72.0123
71.9302
71.9647
71.841
71.7213
71.5976
71.4647
71.3795
71.201
70.9303
70.8207
70.8755
70.8035
70.6838
70.5875
70.4597
70.3624
70.2832
70.1889
70.3076
70.1798
70.1027
69.8847
69.7955
69.6809
69.8015
69.7873
69.7407
69.6362
69.5541
69.4943
69.6443
69.5754
69.4557
69.3959
69.3503
69.5176
69.4557
69.3563
69.3198
69.2914
69.4172
69.3807
69.3056
69.403
69.3543
69.4882
69.4506
69.3898
69.3999
69.549
69.5206
69.4932
69.5216
69.548
69.7143
69.7093
69.7042
69.8806
70.0612
70.0034
69.9993
70.12
70.125
70.3411
70.3299
70.3421
70.3553
70.549
70.6463
70.6696
70.8664
70.9262
71.1473
71.1513
71.2609
71.2771
71.5458
71.5712
71.6087
71.8024
71.846
72.2243
72.2851
72.3237
72.3724
72.6218
72.7537
73.0153
73.0447
73.1157
73.3763
73.4331
73.5913
73.7252
73.9574
74.2302
74.3063
74.4675
74.5467
74.6268
75.1156
75.217
75.2991
75.4827
75.5608
75.864
76.1317
76.2372
76.4258
76.5638
76.6794
77.155
77.2696
77.4613
77.6022
77.7107
77.8314
78.3141
78.448
78.6711
