8.4592
8.44944
8.43978
8.44401
8.43566
8.426
8.4133
8.40896
8.39941
8.38498
8.39193
8.38509
8.37033
8.37565
8.36317
8.35579
8.34527
8.34787
8.34093
8.33724
8.33908
8.32867
8.32118
8.32378
8.31402
8.30436
8.30859
8.29763
8.28982
8.27843
8.28418
8.28158
8.26769
8.273
8.24425
8.23459
8.23893
8.22906
8.21777
8.22418
8.21408
8.20378
8.19542
8.2028
8.19314
8.18457
8.18739
8.17687
8.1696
8.17177
8.16135
8.15538
8.14269
8.14844
8.14681
8.13368
8.13759
8.12413
8.1161
8.12185
8.09212
8.08171
8.08974
8.07758
8.06879
8.06033
8.06868
8.05979
8.05002
8.05241
8.04384
8.03407
8.03602
8.02821
8.01834
8.02105
8.01226
8.00499
7.99783
8.00239
7.98904
7.9822
7.98828
7.97407
7.96723
7.97114
7.95931
7.935
7.94173
7.92947
7.92459
7.91547
7.91938
7.90918
7.89833
7.90289
7.89193
7.88466
7.8865
7.87771
7.86545
7.85775
7.86751
7.85623
7.84733
7.85145
7.84288
7.83127
7.83735
7.82563
7.81651
7.82292
7.81066
7.8061
7.78353
7.7857
7.77398
7.76823
7.76899
7.75987
7.75076
7.75282
7.74468
7.73123
7.73774
7.73589
7.72483
7.71322
7.72005
7.70812
7.69857
7.70367
7.69217
7.68338
7.68978
7.67643
7.66992
7.66851
7.66753
7.65929
7.63455
7.63585
7.62543
7.61328
7.62066
7.6123
7.59831
7.60623
7.59852
7.58963
7.58019
