11.538
11.5144
11.4845
11.4635
11.4194
11.389
11.3859
11.3555
11.3277
11.3028
11.2531
11.2314
11.2271
11.1969
11.1758
11.1313
11.1029
11.0824
11.0715
11.0493
10.998
10.9711
10.948
10.9256
10.8969
10.8921
10.8477
10.8207
10.7974
10.7716
10.7491
10.724
10.697
10.6676
10.6452
10.6178
10.5943
10.5662
10.5425
10.5182
10.4958
10.4692
10.4293
10.4029
10.3982
10.3747
10.347
10.3007
10.2741
10.2515
10.2442
10.2192
10.196
10.154
10.127
10.1073
10.0961
10.0743
10.0357
10.0087
9.97971
9.95833
9.93001
9.92773
9.88466
9.85786
9.83941
9.80859
9.78917
9.76443
9.73872
9.7181
9.69651
9.67133
9.62554
9.61404
9.59494
9.57248
9.54438
9.52398
9.48427
9.45768
9.45215
9.43283
9.4082
9.3673
9.34234
9.31673
9.31022
9.28505
9.26139
9.22493
9.199
9.17611
9.16743
9.14714
9.10666
9.08279
9.06326
9.04123
9.01714
8.98709
8.96647
8.94249
8.9196
8.8954
8.87533
8.85124
8.82715
8.80773
8.78657
8.76204
8.72418
8.71571
8.68869
8.66547
8.64442
8.62391
8.58474
8.56011
8.55371
8.53505
8.51053
8.47201
8.44976
8.42904
8.4247
8.40115
8.35742
8.33778
8.31207
8.29221
8.28385
8.26443
8.22548
8.2041
8.18186
8.16102
8.14084
8.11806
8.09787
8.06923
8.04818
8.02496
8.0064
7.98177
7.96181
7.94
7.91916
7.89876
7.86089
