77.009
76.9187
76.7929
76.8761
76.7676
76.6855
76.5323
76.5404
76.4492
76.3112
76.4208
76.3376
76.1895
76.297
76.1561
76.0486
75.9522
76.0324
75.9086
75.8985
75.9735
75.8569
75.7788
75.8468
75.7342
75.6571
75.7109
75.5892
75.5446
75.3691
75.5111
75.4736
75.3285
75.292
75.146
75.0365
75.149
75.0132
74.8986
75.0385
74.8773
74.7971
74.7667
74.8184
74.7373
74.6278
74.6927
74.5953
74.5112
74.5548
74.4716
74.3722
74.2556
74.3428
74.3104
74.1917
74.282
74.139
74.0507
74.1471
73.8347
73.7627
73.8662
73.7445
73.642
73.5386
73.6897
73.5751
73.4767
73.5508
73.4331
73.3409
73.4301
73.3094
73.2334
73.2881
73.1776
73.1147
73.0234
73.1127
73.0011
72.8946
73.0224
72.8865
72.7689
72.8885
72.7385
72.4748
72.6005
72.4403
72.4119
72.3561
72.4028
72.3075
72.2233
72.2821
72.1766
72.0884
72.1371
72.0549
71.9079
71.8835
71.991
71.8481
71.7872
71.8622
71.7284
71.6361
71.7284
71.5884
71.5276
71.5996
71.4525
71.4607
71.199
71.2822
71.1666
71.0641
71.1402
71.0195
70.9343
71.0195
70.8846
70.7548
70.8877
70.8491
70.7335
70.6463
70.7102
70.6098
70.484
70.5763
70.4628
70.3502
70.4739
70.3461
70.2234
70.2214
70.2832
70.1778
69.9537
69.9851
69.8837
69.7752
69.8604
69.7924
69.6454
69.7508
69.6504
69.5876
69.4943
