114.771
114.588
114.294
114.072
113.819
113.526
113.344
113.052
112.798
112.693
112.239
112.045
111.888
111.588
111.51
111.136
110.847
110.62
110.592
110.346
109.802
109.611
109.373
109.257
108.988
108.889
108.448
108.152
108.16
107.855
107.609
107.25
107.167
106.836
106.602
106.394
106.156
105.882
105.703
105.498
105.208
104.963
104.768
104.494
104.291
104.1
103.994
103.504
103.268
103.008
102.856
102.748
102.543
102.151
101.879
101.676
101.604
101.4
100.978
100.75
100.575
100.364
100.123
99.9607
99.5845
99.5003
99.262
98.9912
98.7752
98.4385
98.3422
98.112
97.9142
97.6414
97.3341
97.1019
96.9397
96.7165
96.4397
96.4346
96.0381
95.7643
95.604
95.3799
95.2897
94.882
94.6437
94.3617
94.3344
94.1224
93.9216
93.5018
93.2868
93.2523
92.9856
92.7594
92.4116
92.1459
92.0972
91.9126
91.6631
91.2098
91.2058
90.9705
90.7545
90.4918
90.3052
90.1206
89.8418
89.646
89.4513
89.1876
88.9747
88.782
88.4615
88.3003
88.2942
88.0985
87.7121
87.4616
87.3186
87.2932
87.0225
86.7649
86.487
86.2659
86.3633
86.0844
85.7416
85.5479
85.5571
85.3421
85.0875
84.978
84.6058
84.5368
84.4405
84.2265
83.9557
83.8817
83.9618
83.7337
83.6941
83.5227
83.5075
83.2692
83.1962
83.0735
82.8777
82.9741
82.8544
