11.307
11.2831
11.2539
11.2321
11.1877
11.1562
11.1581
11.1286
11.097
11.073
11.0269
11.0013
11.0031
10.9736
10.9525
10.9078
10.879
10.858
10.8537
10.83
10.7745
10.7497
10.727
10.7007
10.6726
10.6765
10.6323
10.6034
10.5842
10.5543
10.5307
10.5117
10.4851
10.4519
10.4276
10.4044
10.381
10.3572
10.3312
10.3127
10.2835
10.2587
10.2192
10.1931
10.1912
10.1689
10.1442
10.0927
10.0654
10.0397
10.0441
10.0152
9.99175
9.95421
9.92513
9.90169
9.89855
9.87956
9.83605
9.80968
9.77409
9.7564
9.72797
9.72949
9.69238
9.66319
9.64019
9.61187
9.59332
9.57541
9.54763
9.52756
9.50499
9.47776
9.42697
9.42763
9.40441
9.38129
9.3533
9.33583
9.29449
9.26714
9.27148
9.24718
9.22146
9.18012
9.15701
9.12598
9.12663
9.10254
9.08116
9.03885
9.01378
8.99523
8.98915
8.96745
8.92882
8.90397
8.88162
8.86057
8.83822
8.81207
8.78993
8.76128
8.7449
8.71864
8.69575
8.6824
8.65527
8.63336
8.61241
8.59049
8.54937
8.54753
8.51454
8.49967
8.46973
8.45106
8.41656
8.38943
8.38867
8.36784
8.34473
8.30816
8.28082
8.26335
8.26443
8.23676
8.19141
8.17437
8.14692
8.12641
8.12207
8.10493
8.06673
8.04047
8.02496
8.00336
7.97613
7.96029
7.94434
7.9082
7.88889
7.8673
7.84635
7.82845
7.8048
7.78874
7.76736
7.74175
7.70497
