39.8918
40.0378
40.264
40.5185
40.6463
40.766
41.1503
41.2568
41.3877
41.6665
41.8927
42.0255
42.2263
42.3419
42.6036
42.8612
42.9636
43.0904
43.3784
43.6056
43.707
44.0274
44.1288
44.358
44.6258
44.7951
44.9067
45.2779
45.4239
45.5202
45.7616
46.0334
46.296
46.435
46.5445
46.9654
47.0779
47.2118
47.5221
47.7442
47.8456
48.1904
48.2969
48.5261
48.7938
48.9642
49.0251
49.4135
49.5646
49.7066
49.9672
50.2623
50.3668
50.6639
50.7714
51.0462
51.3292
51.4681
51.6263
52.0178
52.1283
52.3281
52.5867
52.7733
52.8808
53.255
53.3595
53.5937
53.9345
54.0643
54.1768
54.6494
54.7539
54.9019
55.1687
55.336
55.5885
55.8836
56.0581
56.1706
56.5387
56.6828
56.846
57.129
57.3845
57.5823
57.8551
57.9758
58.3003
58.6177
58.7059
58.8287
59.3205
59.4594
59.5588
59.9209
60.1764
60.435
60.6166
60.7352
61.1703
61.3011
61.4654
61.7727
62.0221
62.2554
62.5465
62.6529
62.9795
63.2939
63.4166
63.5281
64.0311
64.1782
64.2816
64.6335
64.884
65.0311
65.4002
65.5138
65.7683
66.1091
66.2957
66.3981
66.8474
67.0776
67.2003
67.4984
67.6901
67.9923
68.2854
68.398
68.5389
69.042
69.1637
69.3655
69.6717
69.9729
70.0936
70.48
70.5844
70.8897
71.2872
71.3998
71.5083
72.0996
72.2233
72.3247
72.6188
72.9971
73.1157
