5.92112
5.91916
5.94151
5.94661
5.9515
5.963
5.96908
5.99078
6.00966
6.01335
6.02734
6.03559
6.04134
6.05697
6.05599
6.07617
6.10004
6.10395
6.11534
6.12077
6.13108
6.14876
6.14529
6.15126
6.18598
6.19325
6.20942
6.21018
6.21528
6.23904
6.24262
6.24154
6.25825
6.2793
6.30067
6.29991
6.3036
6.32346
6.33333
6.33149
6.34907
6.36968
6.38715
6.39583
6.39562
6.41222
6.4184
6.42806
6.43945
6.4605
6.47786
6.48242
6.4872
6.50358
6.5076
6.51487
6.53624
6.53602
6.5702
6.57313
6.57954
6.5957
6.5995
6.60406
6.62294
6.6275
6.648
6.66461
6.66927
6.68468
6.69249
6.69672
6.7143
6.71918
6.73947
6.75684
6.7615
6.77951
6.78049
6.78928
6.80914
6.81066
6.81087
6.84625
6.85514
6.87131
6.8725
6.87739
6.90104
6.90549
6.90875
6.93641
6.94401
6.96582
6.96929
6.96918
6.98861
6.99978
7.00184
7.03223
7.037
7.05534
7.06456
7.06532
7.08084
7.08681
7.09657
7.11426
7.13064
7.13618
7.15321
7.16417
7.17589
7.17925
7.18728
7.20996
7.22548
7.22928
7.24772
7.25369
7.27311
7.27365
7.27821
7.29915
7.32476
7.32682
7.34288
7.34863
7.36816
7.37131
7.37359
7.39399
7.398
7.42144
7.43967
7.44151
7.46202
7.46484
7.47287
7.49013
7.49349
7.5153
7.53624
7.54015
7.5421
7.5638
7.5663
7.58811
7.59028
7.611
7.62804
