105.677
105.454
105.181
104.978
104.563
104.269
104.286
104.01
103.715
103.491
103.06
102.821
102.838
102.562
102.364
101.946
101.678
101.481
101.441
101.219
100.701
100.469
100.257
100.011
99.7488
99.7853
99.3715
99.1018
98.9223
98.6424
98.4223
98.2448
97.9964
97.6861
97.4589
97.2419
97.0228
96.8007
96.5573
96.3849
96.1121
95.8799
95.5107
95.2674
95.2491
95.0412
94.81
94.3283
94.0737
93.8334
93.8739
93.6042
93.3851
93.0342
92.7625
92.5434
92.514
92.3365
91.9298
91.6834
91.3508
91.1855
90.9198
90.934
90.5871
90.3143
90.0993
89.8347
89.6612
89.4939
89.2343
89.0467
88.8357
88.5812
88.1066
88.1127
87.8956
87.6796
87.418
87.2547
86.8683
86.6128
86.6533
86.4262
86.1858
85.7994
85.5834
85.2934
85.2995
85.0743
84.8745
84.479
84.2448
84.0714
84.0146
83.8117
83.4507
83.2185
83.0096
82.8128
82.6039
82.3595
82.1526
81.8849
81.7318
81.4863
81.2724
81.1476
80.8941
80.6892
80.4935
80.2887
79.9043
79.8871
79.5788
79.4398
79.1599
78.9855
78.663
78.4095
78.4024
78.2077
77.9917
77.6499
77.3943
77.2311
77.2412
76.9826
76.5587
76.3995
76.1429
75.9512
75.9107
75.7504
75.3934
75.148
75.003
74.8012
74.5467
74.3986
74.2495
73.9118
73.7313
73.5295
73.3338
73.1664
72.9453
72.7952
72.5955
72.3561
72.0123
