10.4924
10.4705
10.467
10.4441
10.4275
10.4071
10.3809
10.3569
10.337
10.3138
10.2948
10.2891
10.2695
10.2333
10.2096
10.1908
10.1883
10.1672
10.1465
10.124
10.1232
10.0841
10.06
10.0444
10.0251
10.0193
10.0002
9.97559
9.93902
9.92198
9.91417
9.89735
9.87956
9.8572
9.85341
9.81272
9.79536
9.77604
9.75293
9.75206
9.73231
9.71039
9.67665
9.65354
9.65126
9.63281
9.61089
9.59256
9.59191
9.55035
9.53049
9.51356
9.49306
9.48438
9.4617
9.44499
9.40744
9.38531
9.38498
9.36589
9.34473
9.32726
9.32042
9.2997
9.26693
9.24316
9.22526
9.2245
9.2028
9.18273
9.16341
9.12739
9.12478
9.10254
9.08561
9.06803
9.06293
9.04568
9.00553
8.98568
8.97016
8.96441
8.94792
8.9311
8.90853
8.87207
8.86903
8.85037
8.83344
8.80957
8.81087
8.7921
8.75423
8.73796
8.7156
8.7117
8.69759
8.67546
8.65788
8.62522
8.6122
8.59386
8.57444
8.55642
8.5536
8.53277
8.51725
8.48351
8.46115
8.46072
8.43761
8.42177
8.40462
8.38477
8.36296
8.34711
8.32661
8.30957
8.30328
8.28798
8.26823
8.2321
8.21604
8.21419
8.19303
8.17947
8.15907
8.13932
8.1212
8.10037
8.08442
8.06717
8.06174
8.04644
8.02886
7.9923
7.97526
7.97027
7.95334
7.93641
7.91645
7.90191
7.8827
7.86111
7.84484
7.82563
7.82378
7.8023
7.78472
7.76497
7.73177
