36.535
36.8332
36.9782
37.1212
37.4569
37.7216
37.9163
38.0643
38.3615
38.6525
38.7976
39.1261
39.2874
39.4284
39.765
40.0825
40.2346
40.3857
40.8562
41.0053
41.1524
41.5256
41.6615
41.9748
42.2446
42.4839
42.6472
42.7851
43.3115
43.4615
43.6268
43.8996
44.2637
44.425
44.7039
44.9239
45.1207
45.4361
45.7981
45.9462
46.1125
46.3975
46.7696
46.9856
47.2605
47.4765
47.8
48.087
48.3101
48.4734
48.6701
49.164
49.3932
49.5504
49.8364
50.0696
50.4022
50.7095
50.9053
51.1436
51.606
51.7723
52.0046
52.2084
52.5025
52.9041
53.1242
53.4254
53.5978
53.8401
54.3026
54.473
54.7133
54.9283
55.411
55.5855
55.8552
56.1808
56.3481
56.7497
57.0661
57.2983
57.5448
57.851
58.21
58.3916
58.6319
58.9524
59.357
59.642
59.9584
60.1166
60.3995
60.8934
61.0567
61.2534
61.5607
61.8792
62.228
62.5069
62.8243
63.014
63.4145
63.8608
64.0474
64.2228
64.6427
65.0159
65.1994
65.4671
65.8069
66.0361
66.393
66.821
67.0238
67.253
67.8676
68.0288
68.2743
68.6191
68.8827
69.26
69.475
69.906
70.0662
70.2822
70.9516
71.1442
71.3714
71.7406
72.2152
72.3937
72.5965
73.0751
73.28
73.6745
74.1096
74.2992
74.5071
74.8712
75.3529
75.6348
75.9979
76.2981
76.6844
76.8802
77.2645
77.5525
77.7838
78.3578
78.6711
