8.23958
8.22993
8.21647
8.22537
8.21376
8.20497
8.18859
8.18945
8.17969
8.16493
8.17665
8.16775
8.15191
8.16341
8.14833
8.13683
8.12652
8.13509
8.12185
8.12077
8.1288
8.11632
8.10796
8.11523
8.10319
8.09494
8.10069
8.08767
8.0829
8.06413
8.07932
8.0753
8.05979
8.05588
8.04026
8.02854
8.04058
8.02604
8.01378
8.02875
8.0115
8.00293
7.99967
8.00521
7.99653
7.98481
7.99175
7.98134
7.97233
7.977
7.9681
7.95747
7.94499
7.95432
7.95085
7.93815
7.94781
7.93251
7.92307
7.93338
7.89996
7.89225
7.90332
7.8903
7.87934
7.86827
7.88444
7.87218
7.86165
7.86957
7.85699
7.84711
7.85666
7.84375
7.83561
7.84147
7.82964
7.82292
7.81315
7.8227
7.81076
7.79937
7.81304
7.7985
7.78592
7.79872
7.78266
7.75445
7.7679
7.75076
7.74772
7.74175
7.74674
7.73655
7.72754
7.73383
7.72255
7.71311
7.71832
7.70953
7.69379
7.69119
7.70269
7.68739
7.68088
7.68891
7.67459
7.66471
7.67459
7.65961
7.6531
7.66081
7.64507
7.64594
7.61795
7.62684
7.61447
7.60352
7.61165
7.59874
7.58963
7.59874
7.58431
7.57042
7.58464
7.58051
7.56814
7.55881
7.56565
7.5549
7.54145
7.55132
7.53917
7.52713
7.54036
7.52669
7.51356
7.51335
7.51997
7.50868
7.4847
7.48806
7.47721
7.4656
7.47472
7.46745
7.45171
7.463
7.45226
7.44553
7.43555
