53.5755
53.5369
53.8047
53.8138
53.8341
53.9852
54.0085
54.2671
54.4375
54.4517
54.5926
54.6758
54.692
54.8898
54.8675
55.0754
55.2995
55.3066
55.4546
55.5043
55.5672
55.7518
55.7366
55.765
56.0966
56.1838
56.3755
56.3542
56.3795
56.631
56.632
56.6483
56.8359
57.0073
57.2436
57.2192
57.2557
57.4576
57.5326
57.561
57.702
57.8652
58.0802
58.1421
58.1208
58.3236
58.3439
58.4362
58.5873
58.7333
58.9645
58.9767
58.997
59.2161
59.2232
59.2414
59.5233
59.4858
59.8235
59.86
59.8773
60.1156
60.1247
60.1349
60.3549
60.3722
60.5324
60.7504
60.7697
60.9127
61.0171
61.0232
61.2271
61.2575
61.4309
61.6256
61.6642
61.8579
61.8416
61.9268
62.1225
62.1712
62.1225
62.5272
62.5728
62.7604
62.7249
62.7594
63.0221
63.0282
63.0758
63.3628
63.4095
63.6701
63.6823
63.6742
63.8729
63.949
63.9835
64.2887
64.2887
64.3293
64.5849
64.5636
64.7846
64.7928
64.8861
65.101
65.2004
65.2451
65.4428
65.5168
65.6953
65.7045
65.7258
66.034
66.1446
66.1486
66.3606
66.3707
66.5878
66.6405
66.6506
66.8788
67.107
67.0685
67.2997
67.2895
67.4914
67.5735
67.5755
67.7783
67.8189
68.0116
68.2002
68.2438
68.4355
68.4091
68.5166
68.7083
68.7468
68.9142
69.1484
69.1961
69.2042
69.3918
69.3797
69.6606
69.6768
69.8644
70.0034
